20030515	1200	0	8.2
20030515	1200	-100	8.2
20030515	1200	-200	8.2
20030515	1200	-300	8.2
20030515	1200	-400	8.2
20030515	1200	-500	8.2
20030515	1200	-600	8.2
20030515	1200	-700	8.2
20030515	1200	-800	8.2
20030515	1200	-900	8.2
20030515	1200	-1000	8.2
20030515	1200	-1100	8.2
20030515	1200	-1200	8.2
20030515	1200	-1300	8.2
20030515	1200	-1400	8.2
20030515	1200	-1500	8.2
20030515	1200	-1600	8.2
20030515	1200	-1700	8.2
20030515	1200	-1800	8.2
20030515	1200	-1900	8.2
20030612	1200	0	16.7
20030612	1200	-100	16.6
20030612	1200	-200	16.6
20030612	1200	-300	16.4
20030612	1200	-400	16.3
20030612	1200	-500	15.8
20030612	1200	-600	15.5
20030612	1200	-700	13
20030612	1200	-800	11.3
20030612	1200	-900	10.3
20030612	1200	-1000	9.8
20030612	1200	-1100	9.6
20030612	1200	-1200	9.3
20030612	1200	-1300	9.3
20030612	1200	-1400	9.2
20030612	1200	-1500	9.1
20030612	1200	-1600	9.1
20030612	1200	-1700	9
20030612	1200	-1800	8.9
20030612	1200	-1900	8.8
20030710	1200	0	20.3
20030710	1200	-100	20.2
20030710	1200	-200	20.1
20030710	1200	-300	20
20030710	1200	-400	19.9
20030710	1200	-500	19.8
20030710	1200	-600	17.6
20030710	1200	-700	15.8
20030710	1200	-800	14.2
20030710	1200	-900	12.9
20030710	1200	-1000	12
20030710	1200	-1100	11.2
20030710	1200	-1200	10.6
20030710	1200	-1300	10.2
20030710	1200	-1400	9.8
20030710	1200	-1500	9.6
20030710	1200	-1600	9.5
20030710	1200	-1700	9.4
20030710	1200	-1800	9.2
20030710	1200	-1900	9.2
20030724	1200	0	22.1
20030724	1200	-100	21.8
20030724	1200	-200	21.7
20030724	1200	-300	21.6
20030724	1200	-400	21.6
20030724	1200	-500	21.5
20030724	1200	-600	21
20030724	1200	-700	19.7
20030724	1200	-800	15.5
20030724	1200	-900	14
20030724	1200	-1000	12.1
20030724	1200	-1100	11.5
20030724	1200	-1200	10.9
20030724	1200	-1300	10.7
20030724	1200	-1400	10
20030724	1200	-1500	9.8
20030724	1200	-1600	9.6
20030724	1200	-1700	9.5
20030724	1200	-1800	9.4
20030724	1200	-1900	9.2
20030807	1200	0	21.7
20030807	1200	-100	21.5
20030807	1200	-200	21.4
20030807	1200	-300	21.2
20030807	1200	-400	21.2
20030807	1200	-500	21.1
20030807	1200	-600	20.4
20030807	1200	-700	19.8
20030807	1200	-800	17.8
20030807	1200	-900	14.7
20030807	1200	-1000	12.7
20030807	1200	-1100	11.3
20030807	1200	-1200	10.7
20030807	1200	-1300	10.1
20030807	1200	-1400	9.9
20030807	1200	-1500	9.7
20030807	1200	-1600	9.6
20030807	1200	-1700	9.5
20030807	1200	-1800	9.4
20030807	1200	-1900	9.3
20030820	1200	0	20
20030820	1200	-100	20
20030820	1200	-200	20
20030820	1200	-300	20
20030820	1200	-400	20
20030820	1200	-500	19.9
20030820	1200	-600	19.9
20030820	1200	-700	19.9
20030820	1200	-800	18.8
20030820	1200	-900	13.8
20030820	1200	-1000	12.8
20030820	1200	-1100	11.9
20030820	1200	-1200	10.9
20030820	1200	-1300	10.4
20030820	1200	-1400	10.1
20030820	1200	-1500	9.9
20030820	1200	-1600	9.7
20030820	1200	-1700	9.6
20030820	1200	-1800	9.5
20030820	1200	-1900	9.4
20030918	1200	0	15.4
20030918	1200	-100	15.4
20030918	1200	-200	15.4
20030918	1200	-300	15.4
20030918	1200	-400	15.4
20030918	1200	-500	15.4
20030918	1200	-600	15.4
20030918	1200	-700	15.4
20030918	1200	-800	15.4
20030918	1200	-900	15.3
20030918	1200	-1000	15.3
20030918	1200	-1100	14.9
20030918	1200	-1200	14.4
20030918	1200	-1300	12.9
20030918	1200	-1400	11.1
20030918	1200	-1500	10.4
20030918	1200	-1600	10.2
20030918	1200	-1700	10.1
20030918	1200	-1800	10.1
20030918	1200	-1900	9.9
20031125	1200	0	4.8
20031125	1200	-100	4.8
20031125	1200	-200	4.8
20031125	1200	-300	4.8
20031125	1200	-400	4.8
20031125	1200	-500	4.8
20031125	1200	-600	4.8
20031125	1200	-700	4.8
20031125	1200	-800	4.8
20031125	1200	-900	4.7
20031125	1200	-1000	4.7
20031125	1200	-1100	4.7
20031125	1200	-1200	4.7
20031125	1200	-1300	4.7
20031125	1200	-1400	4.7
20031125	1200	-1500	4.7
20031125	1200	-1600	4.7
20031125	1200	-1700	4.7
20031125	1200	-1800	4.7
20031125	1200	-1900	4.7
20040120	1200	0	0.1
20040120	1200	-100	1
20040120	1200	-200	1.4
20040120	1200	-300	1.5
20040120	1200	-400	1.6
20040120	1200	-500	1.7
20040120	1200	-600	1.7
20040120	1200	-700	1.8
20040120	1200	-800	1.8
20040120	1200	-900	1.9
20040120	1200	-1000	1.9
20040120	1200	-1100	2
20040120	1200	-1200	2
20040120	1200	-1300	2.1
20040120	1200	-1400	2.2
20040120	1200	-1500	2.2
20040120	1200	-1600	2.3
20040120	1200	-1700	2.4
20040120	1200	-1800	2.6
20040120	1200	-1900	2.8
20040318	1200	0	0
20040318	1200	-100	1.2
20040318	1200	-200	1.7
20040318	1200	-300	1.8
20040318	1200	-400	1.8
20040318	1200	-500	1.9
20040318	1200	-600	2
20040318	1200	-700	2
20040318	1200	-800	2.1
20040318	1200	-900	2.2
20040318	1200	-1000	2.2
20040318	1200	-1100	2.3
20040318	1200	-1200	2.3
20040318	1200	-1300	2.3
20040318	1200	-1400	2.4
20040318	1200	-1500	2.6
20040318	1200	-1600	2.8
20040318	1200	-1700	3
20040318	1200	-1800	3.3
20040318	1200	-1900	3.6
20040526	1200	0	12
20040526	1200	-100	12
20040526	1200	-200	12
20040526	1200	-300	12
20040526	1200	-400	12
20040526	1200	-500	12
20040526	1200	-600	12
20040526	1200	-700	12
20040526	1200	-800	11.8
20040526	1200	-900	10.2
20040526	1200	-1000	9.2
20040526	1200	-1100	9.5
20040526	1200	-1200	8.6
20040526	1200	-1300	8.3
20040526	1200	-1400	7.9
20040526	1200	-1500	7.2
20040526	1200	-1600	7.1
20040526	1200	-1700	7.1
20040526	1200	-1800	7.1
20040526	1200	-1900	7.1
20040707	1200	0	18.7
20040707	1200	-100	18.5
20040707	1200	-200	18.4
20040707	1200	-300	18.1
20040707	1200	-400	17.9
20040707	1200	-500	17.3
20040707	1200	-600	16.8
20040707	1200	-700	16.3
20040707	1200	-800	15.9
20040707	1200	-900	14.9
20040707	1200	-1000	12.7
20040707	1200	-1100	10.8
20040707	1200	-1200	10.2
20040707	1200	-1300	9.7
20040707	1200	-1400	9.5
20040707	1200	-1500	9.4
20040707	1200	-1600	9.3
20040707	1200	-1700	9.1
20040707	1200	-1800	9
20040707	1200	-1900	9
20040809	1200	0	22.6
20040809	1200	-100	22.4
20040809	1200	-200	22.1
20040809	1200	-300	21.8
20040809	1200	-400	21.7
20040809	1200	-500	20.4
20040809	1200	-600	19.4
20040809	1200	-700	18.5
20040809	1200	-800	17.2
20040809	1200	-900	14.9
20040809	1200	-1000	13.9
20040809	1200	-1100	12.6
20040809	1200	-1200	11.5
20040809	1200	-1300	10.4
20040809	1200	-1400	9.9
20040809	1200	-1500	9.7
20040809	1200	-1600	9.5
20040809	1200	-1700	9.4
20040809	1200	-1800	9.3
20040809	1200	-1900	9.2
